0.100100 0.0000000 0.0000000 0.0000000 0.0000000 0.0000000 0.0000000 1.0000000
5.038372 0.1159014 -0.6089757 0.0167408 0.0174102 -0.0315251 0.2533463 0.9667051
5.305305 0.0469444 -0.5957449 0.0035595 0.0181363 -0.0288695 0.2029569 0.9785939
6.106106 -0.1253590 -0.4722390 -0.0296718 0.0147666 -0.0317399 0.0924473 0.9951020
6.373040 -0.1550238 -0.4167592 -0.0376659 0.0097515 -0.0274365 0.0773713 0.9965771
6.639973 -0.1875176 -0.3515685 -0.0432143 -0.0005947 -0.0238864 0.0795383 0.9965454
6.906907 -0.2339782 -0.2842261 -0.0441198 -0.0143274 -0.0186514 0.0887366 0.9957774
7.173841 -0.2780643 -0.2187285 -0.0490882 -0.0291685 -0.0197701 0.1124723 0.9930299
11.644978 -0.3095135 0.0713016 0.0796024 -0.0389152 -0.0451474 0.5000343 0.8639520
14.080747 -0.5312183 0.0631480 0.0668609 -0.0631407 -0.0374413 0.6848909 0.7249385
15.315315 -0.4289789 0.0956511 0.0800205 -0.0612440 -0.0010656 0.6602923 0.7485065
15.682349 -0.3997269 0.0948598 0.0814713 -0.0560866 0.0248719 0.6563174 0.7519861
15.882549 -0.3889380 0.0645055 0.0923282 -0.0500117 0.0397476 0.6467311 0.7600380
16.282950 -0.3201293 0.0062297 0.0703638 -0.0396871 0.0621082 0.6462400 0.7595666
19.419419 -0.4569024 -0.6109071 -0.0277876 0.0228345 0.0662369 0.6880882 0.7222367
21.788455 -0.5620792 -0.9519209 0.0313708 0.0063711 0.0753911 0.8131265 0.5771489
22.222222 -0.5302273 -0.9122465 0.0118404 -0.0091481 0.0803312 0.8159981 0.5723726
22.389056 -0.5388146 -0.8916748 0.0179445 -0.0060978 0.0918811 0.8167868 0.5695437
24.391058 -0.6988897 -1.0293354 0.0129901 -0.0302064 0.0893838 0.8655778 0.4918060
25.992659 -0.7562327 -1.4776857 0.0651519 -0.0245487 0.1069973 0.8341715 0.5404691
26.092759 -0.7498320 -1.4846084 0.0650044 -0.0243290 0.1089144 0.8275229 0.5502287
26.292960 -0.7346830 -1.4825813 0.0586976 -0.0254565 0.1092635 0.8172451 0.5652645
26.760093 -0.7097281 -1.4265112 0.0711106 -0.0228128 0.0965904 0.8007313 0.5907447
27.427427 -0.6778591 -1.4103618 0.1213906 -0.0290492 0.1090430 0.8058124 0.5813194
28.261595 -0.6752225 -1.5957112 0.1480499 -0.0256707 0.1089375 0.8201510 0.5610936
28.528529 -0.6683781 -1.6677108 0.1456137 -0.0213909 0.1121918 0.8130783 0.5708406
28.628629 -0.6585408 -1.6936463 0.1402623 -0.0216325 0.1107632 0.8100743 0.5753636
28.762095 -0.6560223 -1.7254820 0.1378257 -0.0182790 0.1112139 0.8063079 0.5806591
29.029029 -0.6407886 -1.7836837 0.1384874 -0.0189491 0.1096253 0.7959803 0.5950114
29.162496 -0.6416573 -1.8077580 0.1446290 -0.0197175 0.1097716 0.7915134 0.6008892
29.229229 -0.6392046 -1.8230053 0.1449426 -0.0229057 0.1106806 0.7882046 0.6049452
29.429429 -0.6475354 -1.8529018 0.1542512 -0.0244964 0.1132729 0.7814493 0.6131120
30.363697 -0.7260879 -2.0345259 0.2099236 -0.0537132 0.1259101 0.7168628 0.6836441
31.431431 -0.8027589 -2.0749002 0.1825506 -0.0545581 0.1102080 0.6084761 0.7839863
31.831832 -0.8163866 -2.0521681 0.1316132 -0.0522374 0.1066912 0.6074485 0.7854263
32.032032 -0.8354297 -2.0409977 0.1220023 -0.0508518 0.1052554 0.6149411 0.7798608
32.432432 -0.8645570 -2.0650017 0.1498936 -0.0486914 0.0792845 0.6561196 0.7488993
32.532533 -0.8629755 -2.0762575 0.1545669 -0.0472042 0.0729831 0.6667291 0.7402145
32.632633 -0.8519202 -2.0911870 0.1581330 -0.0457586 0.0675151 0.6794113 0.7292107
32.732733 -0.8478329 -2.1124091 0.1631938 -0.0406351 0.0674360 0.6937557 0.7158939
32.832833 -0.8434403 -2.1282959 0.1713893 -0.0304194 0.0660902 0.7116541 0.6987526
33.033033 -0.8069354 -2.1815302 0.1805062 -0.0178455 0.0650031 0.7455527 0.6630289
33.099766 -0.7891706 -2.1935387 0.1846804 -0.0139664 0.0626901 0.7577326 0.6493968
33.400067 -0.7115090 -2.2453153 0.1957885 0.0011302 0.0696612 0.7981449 0.5984235
33.533534 -0.6779957 -2.2703364 0.1979374 0.0085364 0.0777088 0.8097948 0.5814815
33.667000 -0.6390249 -2.2886062 0.2011213 0.0168712 0.0800969 0.8215758 0.5641924
33.933934 -0.5640101 -2.3197997 0.2229565 0.0258431 0.0861781 0.8367284 0.5401769
34.234234 -0.5127459 -2.3684306 0.2479048 0.0322676 0.0963530 0.8420504 0.5297415
35.068402 -0.4800727 -2.5720501 0.2353530 0.0472889 0.1033082 0.7888853 0.6039463
35.602269 -0.5409865 -2.7052135 0.2407815 0.0435332 0.0865565 0.7275114 0.6792201
35.935936 -0.5995532 -2.7570755 0.2458417 0.0360661 0.0768333 0.6988360 0.7102282
36.069403 -0.6203119 -2.7513027 0.2361798 0.0361730 0.0702028 0.6931056 0.7164968
36.202870 -0.6487941 -2.7359998 0.2326053 0.0363684 0.0661581 0.6899119 0.7199459
36.269603 -0.6582929 -2.7509475 0.2350747 0.0290327 0.0693706 0.6894603 0.7204092
36.903570 -0.7834230 -2.7738650 0.2425842 -0.0020589 0.0766601 0.7194729 0.6902736
37.303971 -0.8518093 -2.7760375 0.2585815 -0.0407836 0.0886791 0.7488560 0.6555055
37.437437 -0.8843817 -2.7820861 0.2668388 -0.0478405 0.0874655 0.7594448 0.6428877
37.570904 -0.9019606 -2.8005471 0.2775286 -0.0565236 0.0836449 0.7690516 0.6311643
37.671004 -0.9206896 -2.8222051 0.2884616 -0.0595544 0.0847437 0.7733400 0.6254734
37.771104 -0.9314091 -2.8450286 0.2890665 -0.0605801 0.0818419 0.7786869 0.6190950
37.871205 -0.9373684 -2.8742545 0.2970299 -0.0632456 0.0809657 0.7798455 0.6174832
37.971305 -0.9437540 -2.8973711 0.2977827 -0.0620198 0.0778068 0.7796664 0.6182395
38.138138 -0.9449549 -2.9393599 0.3051670 -0.0594752 0.0745063 0.7750080 0.6247193
39.372706 -0.8881160 -3.2095447 0.3281736 -0.0034456 0.0455840 0.7038555 0.7088708
40.006673 -0.7972769 -3.3293982 0.3357812 0.0114378 0.0439264 0.7690504 0.6375744
40.073407 -0.8012276 -3.3468585 0.3450837 0.0174587 0.0465319 0.7748144 0.6302323
42.142142 -0.6655464 -3.2752459 0.3387204 0.0343416 0.0058792 0.7959853 0.6043125
42.709376 -0.6371062 -3.2728000 0.3611158 0.0339390 -0.0039631 0.8280579 0.5596004
42.876210 -0.6125433 -3.2601533 0.3733941 0.0375775 -0.0162761 0.8372646 0.5452624
43.009676 -0.5815125 -3.2691329 0.3754075 0.0366674 -0.0222316 0.8442798 0.5341843
43.677010 -0.4899410 -3.3503556 0.4158241 0.0352463 -0.0165746 0.8770026 0.4789044
43.777110 -0.4732811 -3.3563197 0.4211066 0.0365122 -0.0162759 0.8797497 0.4737536
43.977311 -0.4406919 -3.3692579 0.4331463 0.0424239 -0.0108196 0.8857040 0.4621812
44.077411 -0.4230119 -3.3738070 0.4350719 0.0446546 -0.0103666 0.8880302 0.4574940
44.277611 -0.3939815 -3.3916297 0.4389896 0.0481419 -0.0053277 0.8930787 0.4472857
44.477811 -0.3657123 -3.3897545 0.4432688 0.0523949 -0.0044304 0.8981765 0.4364792
44.678011 -0.3491066 -3.3991702 0.4460469 0.0580444 0.0043417 0.9020628 0.4276618
44.778111 -0.3243164 -3.3913240 0.4467690 0.0576208 0.0019227 0.9050112 0.4214628
44.978312 -0.2981806 -3.3989882 0.4483478 0.0599902 0.0094836 0.9078278 0.4149216
45.178512 -0.2803082 -3.3803864 0.4498190 0.0636384 0.0134929 0.9097834 0.4099540
45.278612 -0.2653518 -3.3525796 0.4530922 0.0617426 0.0118412 0.9095781 0.4107497
45.378712 -0.2696161 -3.3369412 0.4505692 0.0616315 0.0179018 0.9089382 0.4119616
45.578912 -0.2692011 -3.2759502 0.4419991 0.0613613 0.0264152 0.9070677 0.4156502
46.379713 -0.2721755 -3.0062454 0.4349761 0.0514167 0.0410098 0.9205742 0.3849905
46.513180 -0.2784483 -2.9750221 0.4352419 0.0535975 0.0467222 0.9211290 0.3827082
46.780113 -0.2661251 -2.9177721 0.4174619 0.0493936 0.0512277 0.9248306 0.3736633
47.447447 -0.3184487 -2.7400434 0.4186505 0.0535703 0.0647666 0.9304761 0.3565805
47.580914 -0.3214831 -2.7095375 0.4144576 0.0502706 0.0667390 0.9331041 0.3497649
48.114781 -0.3540183 -2.5932076 0.3911122 0.0478616 0.0729076 0.9427325 0.3219459
48.248248 -0.3566522 -2.5725954 0.3779630 0.0469814 0.0732100 0.9443430 0.3172527
48.381715 -0.3674211 -2.5552433 0.3671888 0.0480287 0.0741173 0.9449093 0.3151925
48.782115 -0.4110413 -2.5335264 0.3238733 0.0509733 0.0777382 0.9375331 0.3352466
48.915582 -0.4265328 -2.5548224 0.3136203 0.0475465 0.0808324 0.9293392 0.3571193
51.184518 -0.0864400 -2.4288568 0.3787458 0.0507062 0.1018833 0.9476284 0.2984110
51.317985 -0.0660534 -2.4051552 0.3724708 0.0489872 0.1021064 0.9517051 0.2853629
51.651652 -0.0702972 -2.3200328 0.3546964 0.0578560 0.1061594 0.9603726 0.2511322
51.851852 -0.0771008 -2.2723846 0.3302555 0.0569661 0.1088982 0.9662239 0.2265115
51.985319 -0.1026432 -2.2559843 0.3165179 0.0599248 0.1178370 0.9677114 0.2146117
52.185519 -0.1269657 -2.2255707 0.2978426 0.0577637 0.1240796 0.9698701 0.2015429
52.485819 -0.1529626 -2.1920719 0.2679120 0.0556293 0.1301974 0.9722496 0.1862386
52.585919 -0.1510807 -2.1667721 0.2674342 0.0573935 0.1280447 0.9730094 0.1832027
52.686019 -0.1531740 -2.1522875 0.2633117 0.0606266 0.1297643 0.9723122 0.1846474
52.786119 -0.1532434 -2.1279256 0.2657410 0.0629252 0.1278118 0.9720238 0.1867463
52.886220 -0.1531191 -2.1067936 0.2676039 0.0631230 0.1273074 0.9713909 0.1902839
52.986320 -0.1579072 -2.0810437 0.2686853 0.0625045 0.1243564 0.9711814 0.1934822
53.086420 -0.1627712 -2.0533068 0.2680498 0.0594012 0.1193607 0.9717495 0.1947496
53.286620 -0.1812129 -1.9890894 0.2641658 0.0548668 0.1097138 0.9739959 0.1904850
53.486820 -0.2003525 -1.9345258 0.2601666 0.0480975 0.1014952 0.9756935 0.1881686
54.487821 -0.3552842 -1.7807777 0.2609721 0.0207601 0.0929095 0.9811825 0.1679817
54.554555 -0.3593071 -1.7687690 0.2605948 0.0174425 0.0949128 0.9791752 0.1786146
54.688021 -0.3652968 -1.7463349 0.2587244 0.0121194 0.1023294 0.9745081 0.1992882
54.821488 -0.3640935 -1.7155770 0.2594377 0.0084261 0.1078770 0.9677979 0.2272859
54.888222 -0.3569748 -1.6960624 0.2593193 0.0043519 0.1086544 0.9639863 0.2427048
54.954955 -0.3539486 -1.6745850 0.2595488 0.0033449 0.1084994 0.9603397 0.2568355
55.021688 -0.3492827 -1.6552355 0.2603987 0.0017817 0.1073677 0.9565398 0.2711102
55.121788 -0.3345120 -1.6356223 0.2641446 -0.0018329 0.1078437 0.9495568 0.2944628
55.255255 -0.3091387 -1.6049418 0.2674336 -0.0015394 0.1059787 0.9418328 0.3189312
55.355355 -0.2901947 -1.5848482 0.2780867 0.0000700 0.1057529 0.9363206 0.3348434
55.422089 -0.2743169 -1.5676752 0.2798711 -0.0001411 0.1027032 0.9340684 0.3420061
55.488822 -0.2628799 -1.5528661 0.2847278 0.0010896 0.0997017 0.9318441 0.3488910
55.555556 -0.2490090 -1.5413463 0.2837519 0.0013034 0.0961387 0.9304581 0.3535582
55.655656 -0.2298518 -1.5315413 0.2866438 0.0016452 0.0927567 0.9291871 0.3577778
55.755756 -0.2099534 -1.5181462 0.2828714 0.0037371 0.0889346 0.9296744 0.3574663
56.056056 -0.1418698 -1.4810199 0.2664334 0.0131827 0.0904700 0.9294096 0.3575461
56.256256 -0.1016498 -1.4510318 0.2578705 0.0167980 0.0955348 0.9303222 0.3536828
56.656657 -0.0543812 -1.3372892 0.2405133 0.0095045 0.0963122 0.9406209 0.3253705
56.756757 -0.0564297 -1.3071578 0.2403666 0.0109594 0.1004021 0.9429754 0.3171698
57.257257 -0.0735934 -1.1423088 0.2045976 0.0166011 0.1102557 0.9550600 0.2746424
57.524191 -0.0933305 -1.0675850 0.1890351 0.0172891 0.1125272 0.9604985 0.2539318
58.224892 -0.1445252 -0.9614393 0.1763655 0.0248782 0.1151657 0.9754820 0.1858836
58.324992 -0.1392518 -0.9267855 0.1670771 0.0219846 0.1088925 0.9772208 0.1808275
58.425092 -0.1380196 -0.9124287 0.1632519 0.0222448 0.1109282 0.9761677 0.1851935
58.558559 -0.1379483 -0.8780398 0.1615676 0.0226204 0.1111348 0.9740697 0.1957691
58.792125 -0.1318433 -0.8034370 0.1474443 0.0147195 0.1047962 0.9718315 0.2105816
59.059059 -0.1456514 -0.7295873 0.1442072 0.0165855 0.0979548 0.9722561 0.2117733
59.392726 -0.1705074 -0.6755850 0.1338345 0.0102258 0.0897577 0.9738218 0.2085907
59.559560 -0.1961273 -0.6875060 0.1297217 0.0119042 0.0926748 0.9749772 0.2017156
59.726393 -0.2082446 -0.7071616 0.1180070 0.0134329 0.0965967 0.9757956 0.1957337
60.126793 -0.2061590 -0.6884596 0.0870257 0.0104031 0.1035683 0.9774919 0.1835075
60.260260 -0.2110335 -0.6858554 0.0776017 0.0064557 0.1120743 0.9766247 0.1833080
60.660661 -0.2319393 -0.6288139 0.0532679 0.0093727 0.1271703 0.9686958 0.2129985
61.227895 -0.2485186 -0.5083605 0.0655504 -0.0077979 0.0901807 0.9450298 0.3142058
61.461461 -0.2826003 -0.4870779 0.0761909 -0.0138866 0.0850518 0.9239663 0.3726388
61.695028 -0.3085687 -0.4514041 0.0691276 -0.0201621 0.0858289 0.9048334 0.4165374
62.896230 -0.3668663 -0.3673224 0.0803074 -0.0292872 0.1351760 0.8409699 0.5231054
63.430097 -0.4108651 -0.4107586 0.0895494 -0.0458813 0.1140375 0.8392385 0.5296878
63.697030 -0.4489617 -0.4173720 0.0918644 -0.0508818 0.0961383 0.8341246 0.5407445
63.930597 -0.4943732 -0.4316453 0.1137414 -0.0514850 0.0993152 0.8221221 0.5582123
64.964965 -0.3947074 -0.3133540 0.1151318 -0.0227746 0.0705627 0.6917965 0.7182756
65.799132 -0.2728027 -0.2495686 0.1273788 -0.0528522 0.0889969 0.6689242 0.7360888
66.866867 -0.0595043 -0.1566226 0.0392405 -0.0542637 0.1152527 0.7181110 0.6841702
67.334001 0.0115516 -0.1289205 -0.0021267 -0.0473903 0.1145676 0.7277662 0.6745257
67.567568 0.0406475 -0.1223077 -0.0092642 -0.0489532 0.1080021 0.7273806 0.6759117
67.801134 0.0651735 -0.1112932 -0.0061557 -0.0498448 0.0975060 0.7173398 0.6880637
68.034701 0.0545789 -0.1050019 -0.0011876 -0.0457950 0.0933927 0.6915628 0.7147878
69.102436 -0.1876278 -0.0622457 0.0351127 -0.0243100 0.0283449 0.6130981 0.7891237
69.369369 -0.2396822 -0.0836549 0.0563945 -0.0207375 0.0068519 0.5914328 0.8060585
70.236904 -0.2060912 0.0197246 0.0465114 -0.0287533 0.0251577 0.5046019 0.8625064
72.339006 0.1385134 0.0489050 0.0997924 -0.0104249 0.0373651 0.3553125 0.9339423
73.340007 0.2260654 -0.0094095 0.1359082 -0.0346445 -0.0219300 0.2475712 0.9680017
73.606940 0.2791444 -0.0295185 0.1382729 -0.0384944 -0.0154510 0.2454401 0.9685239
73.873874 0.3290327 -0.0542801 0.1256923 -0.0434835 -0.0142107 0.2672919 0.9625291
74.140807 0.3412623 -0.0915058 0.1249861 -0.0461877 -0.0198074 0.3104881 0.9492479
74.407741 0.3352452 -0.1470473 0.1372890 -0.0470608 -0.0165301 0.3484849 0.9359863
74.674675 0.3236440 -0.2067272 0.1469850 -0.0418767 -0.0068592 0.3771355 0.9251854
74.908242 0.3055452 -0.2641682 0.1578333 -0.0356255 -0.0042651 0.3822479 0.9233630
75.175175 0.2763470 -0.3155996 0.1584008 -0.0332420 -0.0059077 0.3620920 0.9315307
75.408742 0.2617144 -0.3762953 0.1642333 -0.0324969 -0.0087988 0.3212056 0.9464108
75.875876 0.1877267 -0.4928116 0.1789210 -0.0275869 -0.0080764 0.1874934 0.9818452
76.343010 0.0685426 -0.5106925 0.1550148 -0.0117244 -0.0189449 0.0715011 0.9971917
76.843510 -0.0883540 -0.4301443 0.0922407 -0.0023400 -0.0293921 0.0026147 0.9995618
77.310644 -0.1627871 -0.3177630 0.0696141 -0.0083430 -0.0270988 -0.0299947 0.9991478
77.544211 -0.1781153 -0.2408804 0.0731125 -0.0078311 -0.0278513 -0.0353097 0.9989576
77.777778 -0.1680279 -0.2179991 0.0864804 -0.0224531 -0.0232794 -0.0422625 0.9985829
78.278278 -0.1538626 -0.1487341 0.0932241 -0.0356076 -0.0226122 -0.0841432 0.9955605
78.545212 -0.1688991 -0.1050303 0.1061123 -0.0348956 -0.0307500 -0.1050596 0.9933777
78.812145 -0.1555068 -0.0698956 0.1286924 -0.0368415 -0.0355955 -0.1121453 0.9923704
79.079079 -0.1776455 -0.0349128 0.1229877 -0.0448327 -0.0455671 -0.1416566 0.9878497
79.312646 -0.1669260 -0.0420511 0.0907799 -0.0672038 -0.0721980 -0.1394698 0.9853016
79.546213 -0.1862325 -0.0153825 0.0743954 -0.0637843 -0.0792179 -0.1493322 0.9835426
79.779780 -0.1891640 -0.0312430 0.0617768 -0.0536365 -0.0875231 -0.1327102 0.9858249
80.013347 -0.1900662 -0.0242759 0.0381402 -0.0317359 -0.0870257 -0.1339820 0.9866449
80.246914 -0.1893420 -0.0268658 0.0301237 -0.0247555 -0.0814984 -0.1430572 0.9860425
80.513847 -0.1820357 -0.0379416 0.0312972 -0.0309695 -0.0817253 -0.1267040 0.9880830
80.780781 -0.1843935 -0.0203169 0.0420889 -0.0239947 -0.0738989 -0.0875963 0.9931214
